((("limit" .
   [1 0 0 0 0])
  ("by" .
   [1 0])
  ("order" .
   [1 0 0 0 0])
  ("$" .
   [1])
  ("$sth" .
   [2 0 0 0])
  ("fetch_assoc" .
   [0 0 0 0 0 0 0 1 2 0 0])
  ("$query" .
   [1 0 0 1 0 2])
  ("$ch_id" .
   [1 0 0 1 0 0])
  ("int" .
   [1 0 0])
  ("ch_id" .
   [0 0 0 1 0])
  ("an" .
   [1 0])
  ("for_records" .
   [0 0 0 0 0 0 1 0 0 0 0])
  ("s" .
   [1])
  ("status" .
   [1 0 0 0 0 0])
  ("where" .
   [1 0 0 0 0])
  ("storage_name" .
   [1 0 0 1 0 0 0 0 0 0 0 0])
  ("storage_deny" .
   [0 0 0 0 0 1 0 0 0 0 0 0])
  ("on" .
   [1 0])
  ("tv_archive" .
   [0 0 0 0 2 1 0 0 0 0])
  ("from" .
   [1 0 0 0])
  ("storages" .
   [6 0 0 0 0 0 0 0])
  ("select" .
   [1 0 0 0 0 0])
  ("storage" .
   [1 0 0 0 0 0 0])
  ("$this" .
   [1 0 0 0 0])
  ("x" .
   [1])
  ("self" .
   [1 0 0 0])
  ("stash" .
   [1 0 0 0 0])
  ("$filter_vals" .
   [1 0 0 0 0 0 0 0 0 0 0 0])))
